Date,Pluckers,Field Wght,Factory W,Variance,Average,Rainfall,Running totals
9/1/2023,52,611,655,44,12,0,655
9/2/2023,51,842,895,53,17,0,1550
9/3/2023,,,,,,0,
9/4/2023,54,1068,1135,67,19,0,2685
9/5/2023,54,878,940,62,16,0,3625
9/6/2023,53,1066,1110,44,20,6,4735
9/7/2023,53,942,960,18,18,16.5,5695
9/8/2023,55,1026,1070,44,19,9.3,6765
9/9/2023,54,2089,2110,21,39,0,8875
9/10/2023,,,,,,0,
9/11/2023,55,1580,1630,50,29,0,10505
9/12/2023,55,920,960,40,17,28.3,11465
9/13/2023,55,1392,1420,28,25,1,12885
9/14/2023,54,1223,1250,27,23,0,14135
9/15/2023,53,1139,1170,31,21,0,15305
9/16/2023,55,1460,1490,30,27,0,16795
9/17/2023,,,,,,0,
9/18/2023,56,1737,1780,43,31,0,18575
9/19/2023,56,1797,1860,63,32,0,20435
9/20/2023,55,1677,1730,53,30,7.4,22165
9/21/2023,54,1283,1330,47,23,5.8,23495
9/22/2023,52,2155,2190,35,41,0,25685
9/23/2023,53,2503,2540,37,47,0,28225
9/24/2023,,,,,,0,
9/25/2023,52,2868,2950,82,55,1.2,31175
9/26/2023,53,2330,2400,70,44,0,33587
9/27/2023,52,2402,2480,78,46,0,36055
9/28/2023,53,2563,2630,67,48,0,38685
9/29/2023,53,2586,2690,104,49,0,41357
9/30/2023,54,2007,2040,33,37,0,43415
,,,,,,,
TOTAL,1396,42144,43415,1271,30,69.5,
,,,,,,,
,,,,,,,
Date,Pluckers,Field Wght,Factory W,Variance,Average,Rainfall,Running totals
1/10/2023,0,0,0,0,0,0,0
2/10/2023,53,1821,1925,104,34,0,1925
3/10/2023,55,2011,2060,49,37,0,3985
4/10/2023,56,2073,2090,17,37,0,6075
5/10/2023,54,2752,2770,18,51,0,8845
6/10/2023,52,1908,1930,22,36,0,10775
7/10/2023,50,1193,1220,27,24,0,11995
8/10/2023,0,0,0,0,0,0,0
9/10/2023,52,2328,2395,67,45,0,14390
10/10/2023,0,0,0,0,0,0,0
11/10/2023,53,2742,2810,68,52,0,17200
12/10/2023,52,2382,2460,78,46,0,19660
13/10/2023,53,1899,1920,21,36,0,21580
14/10/2023,53,2402,2420,18,45,4,2400
15/10/2023,0,0,0,0,0,4.2,0
16/10/2023,52,3641,3680,39,70,18.3,27680
17/10/2023,53,2445,2540,95,46,9.1,30220
18/10/2023,52,2467,2480,13,47,6.2,32700
19/10/2023,54,2388,2450,62,44,0,35150
20/10/2023,0,0,0,0,0,0,0
21/10/2023,50,2844,2930,86,57,0,38080
22/10/2023,0,0,0,0,0,0,0
23/10/2023,47,2822,2890,68,60,0,40970
24/10/2023,48,2911,2980,69,61,0,43950
25/10/2023,51,3194,3240,46,64,2,47190
26/10/2023,50,3582,3700,118,72,4.8,50890
27/10/2023,52,3273,3330,57,63,0,54220
28/10/2023,52,1851,1885,34,36,0,56105
29/10/2023,0,0,0,0,0,0,0
30/10/2023,52,3613,3650,37,69,7.6,59755
31/10/2023,52,3545,3590,45,68,7.5,63345
TOTAL,1248,62087,63345,1258,50,63.7,
,,,,,,,
,,,,,,,
,,,,,,,
Date,Pluckers,Field Wght,Factory W,Variance,Average,Rainfall,Running totals
1.11.2023,51,2991,3135,144,59,0,3135
2.11.2023,54,2444,2480,36,45,14,5615
3.11.2023,54,2149,2240,91,40,29,7855
4.11.2023,52,1600,1680,80,31,2,9535
5.11.2023,       -,       -,-,-,-,12,-
6.11.2023,40,1808,1850,42,45,11,11385
7.11.2023,50,2172,2260,81,43,10,13645
8.11.2023,49,1787,1810,23,34,3,15455
9.11.2023,50,2194,2300,106,44,0,17755
10.11.2023,49,1627,1675,48,33,10,19430
11.11.2023,48,1950,2030,80,41,1,21460
12.11.2023,        -,-,-,-,-,6,-
13.11.2023,        -,-,-,-,-,6,-
14.11.2023,48,1934,2000,66,40,3,23460
15.11.2023,46,1938,2005,67,42,4,25465
16.11.2023,49,2123,2170,47,45,3,27635
17.11.2023,48,2058,2145,87,43,5,29780
18.11.2023,48,1585,1660,75,30,6,31440
19.11.2023,         -,-,-,-,-,17,-
20.11.2023,49,2192,2245,53,45,2,33685
21.11.2023,50,3303,3430,127,66,9,37115
22.11.2023,49,1882,1930,48,38,3,39045
23.11.2023,49,2865,2920,55,58,4,41965
24.11.2023,48,1704,1660,-44,36,1,43625
25.11.2023,46,835,870,35,18,12,44495
26.11.2023,-,-,-,-,-,-,-
27.11.2023,48,1612,1690,78,34,12,46185
28.11.2023,49,1879,1930,51,38,0,48115
29.11.2023,49,1995,2050,55,41,0,50165
30.11.2023,47,1717,1760,43,37,3,51925
TOTAL,1220,,,,,,
,,,,,,,
,,,,,,,
,,,,,,,
,,,,,,,
Date,Pluckers,Field Wght,Factory W,Variance,Average,Rainfall,Running totals
12/1/2023,48,2296,2380,84,48,2380,0
12/2/2023,50,1941,1990,49,39,4370,1.6
12/3/2023,,,,,,,
12/4/2023,51,2195,2240,45,43,6610,4.6
12/5/2023,,2362,2400,38,46,9010,0
12/6/2023,52,2066,2130,64,40,11140,0
12/7/2023,50,2342,2395,53,47,13535,0
12/8/2023,50,2478,2510,32,50,16045,0
12/9/2023,50,2247,2310,63,45,18355,0
12/10/2023,,,,,,,0
12/11/2023,50,3067,3120,53,61,21475,0
12/12/2023,,,,,,,0
12/13/2023,51,2590,2655,65,51,24130,0
12/14/2023,51,3993,3520,27,57,27650,53.2
12/15/2023,50,2787,2845,56,39,30495,4.2
12/16/2023,50,2557,2610,53,51,33105,0
12/17/2023,,,,,,,
12/18/2023,51,2886,2980,94,57,36085,0
12/19/2023,51,1982,2010,28,39,38095,0
12/20/2023,51,3102,3180,78,61,41275,0
12/21/2023,50,3374,3460,81,68,44735,0
12/22/2023,49,2150,3910,92,80,48645,3.1
12/23/2023,48,2745,2190,40,45,50835,0
12/24/2023,,,,,,,
12/25/2023,,,,,,,
12/26/2023,,,,,,,
12/27/2023,42,3100,2745,90,65,53580,0
12/28/2023,47,4215,3100,63,65,56680,0
12/29/2023,47,3600,4215,69,88,60895,0
12/30/2023,47,,3600,81,75,64495,0
TOTAL,1086,64495,64495,1398,58,,37.2
,,2296,,,,,
